%YAML:1.0


cam0:
  T_cam_imu:
    - [-0.9998761771972654, 0.002831174545748783, 0.015479493663382282, 0.009847737933630705]
    - [-0.0029326606695474597, -0.999974330610803, -0.0065374016913607265, 0.004044777973851876]
    - [0.015460587788970944, -0.006581988314211809, 0.9998588138607628, -0.015241042987496874]
    - [0.0, 0.0, 0.0, 1.0]
  cam_overlaps: [1]
  camera_model: pinhole
  distortion_coeffs: [-0.003269003229949738, 0.05405258144204682, -0.05159409563898941, 0.010749180190267004]
  distortion_model: equidistant
  intrinsics: [282.019963259348, 280.7145153126385, 415.9558137753508, 396.6613771975339]
  resolution: [848, 800]
  rostopic: /t265/fisheye1/image_raw
  timeshift_cam_imu: 0.005618603727452336

cam1:
  T_cam_imu:
    - [-0.9999406689745719, 0.000724075187245526, 0.010868957898945571, -0.052814022762086264]
    - [-0.0008072860689765681, -0.9999703864793142, -0.00765339490774561, 0.0040117609094788035]
    - [0.010863094397485106, -0.007661715182273837, 0.9999116417466981, -0.015518593201262289]
    - [0.0, 0.0, 0.0, 1.0]
  T_cn_cnm1:
    - [0.999987149466532, 0.0021373753273530643, -0.004597012998122464, -0.06274034262839549]
    - [-0.002142375274127713, 0.9999971186631936, -0.0010830020732420377, -2.841394090416243e-05]
    - [0.0045946849706689046, 0.0010928366830696733, 0.9999888472268076, -0.00032738772888446857]
    - [0.0, 0.0, 0.0, 1.0]
  cam_overlaps: [0]
  camera_model: pinhole
  distortion_coeffs: [-0.0028480208540388407, 0.05429895807264252, -0.0516469474707301, 0.010954064142332987]
  distortion_model: equidistant
  intrinsics: [281.49219856329046, 280.3289056204996, 414.09933409091184, 406.02198481912353]
  resolution: [848, 800]
  rostopic: /t265/fisheye2/image_raw
  timeshift_cam_imu: 0.005583860066266795


