%YAML:1.0

cam0:
  T_cam_imu:
    - [0.9999942992129773, -0.0006837030318090254, 0.003306673813320594, 0.01734357246126995]
    - [0.0006819183997666188, 0.9999996212593953, 0.000540803438387852, -0.008519633421954392]
    - [-0.003307042309899398, -0.0005385454736672996, 0.9999943867042107, -0.018723905687986195]
    - [0.0, 0.0, 0.0, 1.0]
  cam_overlaps: [1]
  camera_model: pinhole
  distortion_coeffs: [0.0019712980218442736, -0.0011090942743057983, -0.0006211171700097682, -0.0034327653409294196]
  distortion_model: radtan
  intrinsics: [320.17488748238287, 320.0283628174116, 314.0668795454674, 180.36893447271257]
  resolution: [640, 360]
  rostopic: /camera/infra1/image_rect_raw
  timeshift_cam_imu: 0.004639958649183853

cam1:
  T_cam_imu:
    - [0.9999855287596171, -0.0003605813977934117, 0.00536770457504073, -0.07667191595392714]
    - [0.000365189906339375, 0.9999995655732808, -0.0008576068926449692, -0.008542662389807396]
    - [-0.005367393006074334, 0.0008595547135404881, 0.9999852260198713, -0.017739927010989854]
    - [0.0, 0.0, 0.0, 1.0]
  T_cn_cnm1:
    - [0.9999978238338454, 0.00032423014342537217, 0.0020608741811117422, -0.09397410073693341]
    - [-0.00032135073657469737, 0.9999989720658036, -0.0013973550168239824, -4.36282992379309e-05]
    - [-0.002061325127286215, 0.0013966897125111987, 0.99999690009348, 0.0010315706607051294]
    - [0.0, 0.0, 0.0, 1.0]
  cam_overlaps: [0]
  camera_model: pinhole
  distortion_coeffs: [0.00415520544025779, -0.003951065114859482, -0.00042589527047545586, -0.00442085250772721]
  distortion_model: radtan
  intrinsics: [319.69438067702725, 320.1948319604044, 313.46161305104766, 180.7178241492703]
  resolution: [640, 360]
  rostopic: /camera/infra2/image_rect_raw
  timeshift_cam_imu: 0.005012709485041032

# cam0:
#   T_cam_imu:
#     - [0.9999654398038452, 0.007342326779113337, -0.003899927610975742, -0.027534314618518095]
#     - [-0.0073452195116216765, 0.9999727585590525, -0.0007279355223411334, -0.0030587146933711722]
#     - [0.0038944766308488753, 0.0007565561891287445, 0.9999921303062861, -0.023605118842939803]
#     - [0.0, 0.0, 0.0, 1.0]
#   cam_overlaps: []
#   camera_model: pinhole
#   distortion_coeffs: [-0.045761895748285604, 0.03423951132164367, -0.00040139057556727315, 0.000431371425853453]
#   distortion_model: radtan
#   intrinsics: [416.85223429743274, 414.92069080087543, 421.02459311003213, 237.76180565241077]
#   resolution: [848, 480]
#   rostopic: /d455/color/image_raw
#   timeshift_cam_imu: 0.002524377913673846
