​import numpy as np
T_imu_rot = np.array([[0,-1,0,0],[1,0,0,0],[0,0,1,0],[0,0,0,1]])
​
#rect
T_cam2world_high_rect =  np.array([[-0.005751354872474081, -0.0233235375919493, 0.9997114256180771, 0.10393613102989241],[-0.9998632536805816, -0.015366614771190334, -0.006110735614893686, 0.029633034090709977],[0.015504704331658879, -0.9996098637691964, -0.023231969329289937, 0.018007643021603244],[0,0,0,1]])
T_cam2world_low_rect =  np.array([[-8.11372957481831e-06, -0.013044493226690976, 0.99991491694575, 0.10318784942896314],[-0.999902343472634, -0.0139738062756746, -0.0001904103592251212, 0.030950269596704518],[0.013975101148198391, -0.9998172702722378, -0.013043105967096099, 0.017627594115087113],[0,0,0,1]])
T_imu2cam_rect = np.array([[-0.00675911, -0.99997607, -0.00147424,  0.01367057],[-0.01271634,  0.00156011, -0.99991793,  0.00226235],[ 0.9998963 , -0.00673981, -0.01272658, -0.02216546],[0,0,0,1]])
​
#raw
T_cam2world_high_raw = np.array([[-0.016257200197228767, -0.019020391360426235, 0.9996869150660338, 0.11279850128580386],[-0.9996705938700984, -0.01954952029001967, -0.016628890757818343, 0.030965883253262643],[0.019859687639854046, -0.9996279512743366, -0.01869630546180399, 0.02275883156926659],[0,0,0,1]])
T_cam2world_low_raw = np.array([[-0.0180020010336072, 0.002792947738201537, 0.9998340499311463, 0.10921180921067665],[-0.9995178614944453, -0.025351950116871635, -0.017925489640234157, 0.02883086431507429],[0.02529767800325727, -0.9996746861195414, 0.0032479869827607304, 0.02254090450437504],[0,0,0,1]])
T_imu2cam_raw = np.array([[-0.011971871166626097, -0.9999224527839351, -0.0034296821033545366, 0.015502382038955003],[-0.013432448816749543, 0.0035904405462792166, -0.9999033343556117, 0.002083766077365473],[0.9998381087053825, -0.011924644868674172, -0.013474391459390306, -0.024349970215062976],[0,0,0,1]])
​
T_imu2world_high_rect = T_cam2world_high_rect @ T_imu2cam_rect @ T_imu_rot
T_imu2world_low_rect = T_cam2world_low_rect @ T_imu2cam_rect @ T_imu_rot
T_imu2world_high_raw = T_cam2world_high_raw @ T_imu2cam_raw @ T_imu_rot
T_imu2world_low_raw = T_cam2world_low_raw @ T_imu2cam_raw @ T_imu_rot
​
print()
print("imu to world high rect")
print(T_imu2world_high_rect)
print()
print("imu to world low rect")
print(T_imu2world_low_rect)
​
print()
print("imu to world high raw")
print(T_imu2world_high_raw)
print()
print("imu to world low raw")
print(T_imu2world_low_raw)