%YAML:1.0


cam0:
  T_cam_imu:
    - [0.9999654398038452, 0.007342326779113337, -0.003899927610975742, -0.027534314618518095]
    - [-0.0073452195116216765, 0.9999727585590525, -0.0007279355223411334, -0.0030587146933711722]
    - [0.0038944766308488753, 0.0007565561891287445, 0.9999921303062861, -0.023605118842939803]
    - [0.0, 0.0, 0.0, 1.0]
  cam_overlaps: []
  camera_model: pinhole
  distortion_coeffs: [-0.045761895748285604, 0.03423951132164367, -0.00040139057556727315, 0.000431371425853453]
  distortion_model: radtan
  intrinsics: [416.85223429743274, 414.92069080087543, 421.02459311003213, 237.76180565241077]
  resolution: [848, 480]
  rostopic: /d455/color/image_raw
  timeshift_cam_imu: 0.002524377913673846


