%YAML:1.0 # need to specify the file type at the top!

cam0:
  T_cam_imu:
    - [-0.007968251962283623, -0.9999672396845838, -0.001423558307761641, 0.01421841127132675]
    - [-0.005187853208790172, 0.0014649237363101586, -0.9999854699832027, 0.001119581228643248]
    - [0.9999547955481515, -0.00796075097191401, -0.005199356134519273, -0.030716062491466536]
    - [0.0, 0.0, 0.0, 1.0]
  cam_overlaps: [1]
  camera_model: pinhole
  distortion_coeffs: [-0.16561537558699096, 0.02424286583840169, 0.001173672480192994, 0.0006315739257395008]
  distortion_model: radtan
  intrinsics: [341.22960229063585, 341.7601750650946, 324.23867816265897, 177.73891334897027]
  resolution: [640, 360]
  # rostopic: /zed_nodelet/left_raw/image_raw_gray
  rostopic: /zedm/zed_node/left_raw/image_raw_gray
  timeshift_cam_imu: 0.018578411375301966
cam1:
  T_cam_imu:
    - [-0.008644574651956782, -0.9999626203562868, 0.00017093646620258696, -0.04865993204852917]
    - [-0.0031829158438472227, -0.00014342600615754875, -0.9999949242249743, 0.0012159126201227793]
    - [0.9999575692877263, -0.008645074850427314, -0.0031815570107697755, -0.03133485975003617]
    - [0.0, 0.0, 0.0, 1.0]
  T_cn_cnm1:
    - [0.9999985000763472, -0.0015909561761286862, -0.0006846192363832511, -0.06289756959590179]
    - [0.0015923346649945435, 0.9999966966739416, 0.002017699560593821, 0.00013567040646509857]
    - [0.0006814069032851896, -0.002018786677140944, 0.9999977300899147, -0.000626295309195296]
    - [0.0, 0.0, 0.0, 1.0]
  cam_overlaps: [0]
  camera_model: pinhole
  distortion_coeffs: [-0.15976370839887646, 0.020788629382686503, 0.0013916151711451067, 0.000955128503061866]
  distortion_model: radtan
  intrinsics: [339.47415893257164, 339.90068477843045, 322.03019813729134, 176.3869590206423]
  resolution: [640, 360]
  # rostopic: /zed_nodelet/right_raw/image_raw_gray
  rostopic: /zedm/zed_node/right_raw/image_raw_gray
  timeshift_cam_imu: 0.018532900923335312
