%YAML:1.0 # need to specify the file type at the top!

cam0:
  T_cam_imu:
  - [-0.012271360837477846, -0.9999209387184583, -0.0027440873873331717, 0.015020145044674176]
  - [-0.009803142702225709, 0.002864468640133039, -0.9999478452462234, 0.0014529239066994987]
  - [0.9998766484403723, -0.012243820147429474, -0.009837518581491206, -0.03119740699946949]
  - [0.0, 0.0, 0.0, 1.0]
  cam_overlaps: [1]
  camera_model: pinhole
  distortion_coeffs: [-0.16561537558699096, 0.02424286583840169, 0.001173672480192994, 0.0006315739257395008]
  distortion_model: radtan
  intrinsics: [341.22960229063585, 341.7601750650946, 324.23867816265897, 177.73891334897027]
  resolution: [640, 360]
  rostopic: /zed_nodelet/left_raw/image_raw_gray
  timeshift_cam_imu: 0.009180952565116777
cam1:
  T_cam_imu:
  - [-0.012940280848478647, -0.9999156138026695, -0.001146475116751311, -0.04785840027360411]
  - [-0.007805199758291026, 0.0012475460543523165, -0.9999687607548426, 0.0015495596169165819]
  - [0.9998858074741814, -0.012930928136568653, -0.007820684703478686, -0.03181632980626]
  - [0.0, 0.0, 0.0, 1.0]
  T_cn_cnm1:
  - [0.9999985000763472, -0.0015909561761286862, -0.0006846192363832511, -0.06289756959590179]
  - [0.0015923346649945435, 0.9999966966739416, 0.002017699560593821, 0.00013567040646509857]
  - [0.0006814069032851896, -0.002018786677140944, 0.9999977300899147, -0.000626295309195296]
  - [0.0, 0.0, 0.0, 1.0]
  cam_overlaps: [0]
  camera_model: pinhole
  distortion_coeffs: [-0.15976370839887646, 0.020788629382686503, 0.0013916151711451067, 0.000955128503061866]
  distortion_model: radtan
  intrinsics: [339.47415893257164, 339.90068477843045, 322.03019813729134, 176.3869590206423]
  resolution: [640, 360]
  rostopic: /zed_nodelet/right_raw/image_raw_gray
  timeshift_cam_imu: 0.009183336517572104
