%YAML:1.0 # need to specify the file type at the top!

imu0:
 # precomputed, TODO: move to legacy
  T_imu_world:
    - [ 0.00608797, -0.99985019, -0.01620309,  0.08459263]
    - [ 0.99956308,  0.00561595,  0.02901906,  0.01371961]
    - [-0.02892372, -0.01637268,  0.99944752,  0.0207709 ]
    - [0.0, 0.0, 0.0, 1.0]
  #  Deal with Transformation from IMU local frame to world frame to compensate camera-vicon tf
  # local 1.-> body 2.-> world
  #  1. imu-cam (camera-imu calibration)-> cam-body (vicon camera calibration)
  #  2. default 0,0,75 or read from vicon
  # legacy, will use  relative_config_imucam's cam0 -> T_cam_imu
  T_imu_cam:
   - [1.0, 0.0, 0.0, 0.0]
   - [0.0, 1.0, 0.0, 0.0]
   - [0.0, 0.0, 1.0, 0.0]
   - [0.0, 0.0, 0.0, 1.0]
  # camera-vicon calibration low raw
  T_cam_body: 
    # - [-0.0180020010336072, 0.002792947738201537, 0.9998340499311463, 0.10921180921067665]
    # - [-0.9995178614944453, -0.025351950116871635, -0.017925489640234157, 0.02883086431507429]
    # - [0.02529767800325727, -0.9996746861195414, 0.0032479869827607304, 0.02254090450437504]
    # - [0,0,0,1]
    - [-0.017275995875931302, 0.011600004836258436, 0.9997834664837648, 0.11081422302056536]
    - [-0.9998276699922176, -0.006995855687731433, -0.01719559016521835, 0.027623250397475457]
    - [0.006794871921421863, -0.9999082447359833, 0.011718866181344025, -0.010108351402920868]
    - [0.0, 0.0, 0.0, 1.0]
  # default is 0,0, -0.85, can be updated by vicon tracking message
  T_body_world:
    - [1.0, 0.0, 0.0, 0.0]
    - [0.0, 1.0, 0.0, 0.0]
    - [0.0, 0.0, 1.0, 0.085]
    - [0.0, 0.0, 0.0, 1.0]
  # zed mini imu uses left-hand coordinate system, the transformation from zed coordinate system to ros right-hand coordinate system is (x,y,z) -> (-y, x, z)
  T_correct:
    # - [1,0,0,0]
    # - [0,1,0,0]
    - [0,-1,0,0]
    - [1,0,0,0]
    - [0,0,1,0]
    - [0,0,0,1]

  accelerometer_noise_density: 7.0e-03 #1.4e-02  # [ m / s^2 / sqrt(Hz) ]   ( accel "white noise" )
  accelerometer_random_walk: 8.0e-04    # [ m / s^3 / sqrt(Hz) ].  ( accel bias diffusion )
  gyroscope_noise_density: 8.6e-04    # [ rad / s / sqrt(Hz) ]   ( gyro "white noise" )
  gyroscope_random_walk: 2.2e-05        # [ rad / s^2 / sqrt(Hz) ] ( gyro bias diffusion )
  #  accelerometer_noise_density: 0.1   # [ m / s^2 / sqrt(Hz) ]   ( accel "white noise" )
  #  accelerometer_random_walk: 0.002   # [ m / s^3 / sqrt(Hz) ].  ( accel bias diffusion )
  #  gyroscope_noise_density: 0.05      # [ rad / s / sqrt(Hz) ]   ( gyro "white noise" )
  #  gyroscope_random_walk: 4.0e-05     # [ rad / s^2 / sqrt(Hz) ] ( gyro bias diffusion )
  model: calibrated
  rostopic: /zed_nodelet/imu/data_raw
  time_offset: 0.0
  update_rate: 400.0
  odom_update_rate: 100.0
