imu to world high rect
    - [ -1.02303511e-03, -9.99943220e-01,  1.06071949e-02,  8.16456771e-02]
    - [ 9.99856539e-01, -8.43490883e-04,  1.69171608e-02,  1.60650161e-02]
    - [-1.69072556e-02,  1.06229793e-02,  9.99800632e-01,  1.64730811e-02]
    - [0.0, 0.0, 0.0, 1.0]
imu to world low rect
    - [ -6.75147387e-03, -9.99977159e-01,  3.17937443e-04,  8.09946532e-02]
    - [ 9.99857898e-01, -6.74575499e-03,  1.54491787e-02,  1.72536415e-02]
    - [-1.54466836e-02,  4.22196296e-04,  9.99880607e-01,  1.58458116e-02]
    - [0.0, 0.0, 0.0, 1.0]

imu to world high raw
    - [ 0.00426674, -0.99997519,  0.00560414,  0.0881645 ]
    - [ 0.99972117,  0.00439567,  0.02320025,  0.01583278]
    - [-0.02322431,  0.00550359,  0.99971513,  0.02143897]
    - [0.0, 0.0, 0.0, 1.0]

imu to world low raw
    - [ 0.00608797, -0.99985019, -0.01620309,  0.08459263]
    - [ 0.99956308,  0.00561595,  0.02901906,  0.01371961]
    - [-0.02892372, -0.01637268,  0.99944752,  0.0207709]
    - [0.0, 0.0, 0.0, 1.0]
