%YAML:1.0 # need to specify the file type at the top!

cam0:
  T_cam_imu:
    - [-0.006759111890861702, -0.9999760702268796, -0.0014742388035596243, 0.01367057384747256]
    - [-0.012716339103494956, 0.001560106300229236, -0.9999179270260803, 0.002262349947072698]
    - [0.9998962991861948, -0.006739810229902166, -0.012726579737430244, -0.02216546395628]
    - [0.0, 0.0, 0.0, 1.0]
  cam_overlaps: [1]
  camera_model: pinhole
  distortion_coeffs: [0.005363933658968022, -0.003913584255263505, 0.0007225171867259249, -0.00016523136966568088]
  distortion_model: radtan
  intrinsics: [346.30472467218476, 346.2432009707746, 317.59032470242283, 185.49161677804358]
  resolution: [640, 360]
  rostopic: /zedm/zed_node/left/image_rect_gray
  timeshift_cam_imu: 0.015090534334406032
cam1:
  T_cam_imu:
    - [-0.007833422166714649, -0.9999692695113718, -0.00031229801769799836, -0.04928761802472188]
    - [-0.012631345020962137, 0.0004112323720384947, -0.9999201368163848, 0.0022853134992111197]
    - [0.9998895372090457, -0.007828851820670835, -0.012634178210336383, -0.022892702709355606]
    - [0.0, 0.0, 0.0, 1.0]
  T_cn_cnm1:
    - [0.9999987478523936, -0.0011481735183165428, -0.001089032236596506, -0.06297971608910727]
    - [0.001148275209143018, 0.9999993364299078, 9.275658390402091e-05, 9.323465039600267e-06]
    - [0.0010889250132939984, -9.400697647832793e-05, 0.9999994027023213, -0.000741925545586062]
    - [0.0, 0.0, 0.0, 1.0]
  cam_overlaps: [0]
  camera_model: pinhole
  distortion_coeffs: [0.0052298890662299665, -0.004764232333376914, 0.0008861603809639265, 0.0004970170486306595]
  distortion_model: radtan
  intrinsics: [345.98437116365386, 345.77253272055356, 318.1865688717494, 185.51940820610184]
  resolution: [640, 360]
  rostopic: /zedm/zed_node/right/image_rect_gray
  timeshift_cam_imu: 0.014051239527875464