%YAML:1.0 # need to specify the file type at the top!

cam0:
  T_cam_imu:
    - [1.0, 0.0, 0.0, -0.04402011600452833]
    - [0.0, 1.0, 0.0, -0.0025601400106739355]
    - [0.0, 0.0, 1.0, -0.017635245742563362]
    - [0.0, 0.0, 0.0, 1.0]
  cam_overlaps: [1]
  camera_model: pinhole
  distortion_coeffs: [0.0018802953849829409, -0.003652303767730166, 3.117507045293004e-05, 0.00048175416276617297]
  distortion_model: radtan
  intrinsics: [384.81109268711907, 385.4589799319776, 322.6712393337711, 239.39991235441906]
  resolution: [640, 480]
  rostopic: /cam1/infra2/image_rect_raw
  timeshift_cam_imu: 0.0052559264670291456
cam1:
  T_cam_imu:
    - [1.0, 0.0, 0.0, 0.006021057482269526]
    - [0.0, 1.0, 0.0, -0.0025213336541727834]
    - [0.0, 0.0, 1.0, -0.01743269598887508]
    - [0.0, 0.0, 0.0, 1.0]
  T_cn_cnm1:
    - [1.0, 0.0, 0.0, 0.05002772119355333]
    - [0.0, 1.0, 0.0, 4.1225333788413073e-05]
    - [0.0, 0.0, 1.0, 0.00023574091884769573]
    - [0.0, 0.0, 0.0, 1.0]
  cam_overlaps: [0]
  camera_model: pinhole
  distortion_coeffs: [0.0015836636822816295, -0.0033431633421065355, 8.541751669274196e-05, 0.0007597980170162216]
  distortion_model: radtan
  intrinsics: [384.88335095659886, 385.49905756574714, 322.59930315077474, 238.68360046050088]
  resolution: [640, 480]
  rostopic: /cam1/infra1/image_rect_raw
  timeshift_cam_imu: 0.005269964022492701
