%YAML:1.0 # need to specify the file type at the top!

cam0:
  T_imu_cam: #rotation from camera to IMU R_CtoI, position of camera in IMU p_CinI
    - [-0.00413,-0.01966,0.99980,1.73944]
    - [-0.99993,-0.01095,-0.00435,0.27803]
    - [0.01103,-0.99975,-0.01962,-0.08785]
    - [0.0, 0.0, 0.0, 1.0]
  cam_overlaps: [1]
  camera_model: pinhole
  distortion_coeffs: [-5.6143027800000002e-02,1.3952563200000001e-01,-1.2155906999999999e-03,-9.7281389999999998e-04]
  distortion_model: radtan
  intrinsics: [8.1690378992770002e+02,8.1156803828490001e+02,6.0850726281690004e+02,2.6347599764440002e+02]
  resolution: [1280, 560]
  rostopic: /stereo/left/image_raw

cam1:
  T_imu_cam: #rotation from camera to IMU R_CtoI, position of camera in IMU p_CinI
    - [-0.00768,-0.01509,0.99986,1.73376]
    - [-0.99988,-0.01305,-0.00788,-0.19706]
    - [0.01317,-0.99980,-0.01499,-0.08271]
    - [0.0, 0.0, 0.0, 1.0]
  cam_overlaps: [0]
  camera_model: pinhole
  distortion_coeffs: [-5.4921981799999998e-02,1.4243657430000001e-01,7.5412299999999996e-05,-6.7560530000000001e-04]
  distortion_model: radtan
  intrinsics: [8.1378205539589999e+02,8.0852165574269998e+02,6.1386419539320002e+02,2.4941049348650000e+02]
  resolution: [1280, 560]
  rostopic: /stereo/right/image_raw
